{
 "cells": [
  {
   "cell_type": "markdown",
   "metadata": {},
   "source": [
    "### Setup"
   ]
  },
  {
   "cell_type": "code",
   "execution_count": 1,
   "metadata": {},
   "outputs": [
    {
     "name": "stdout",
     "output_type": "stream",
     "text": [
      "(3000, 10)\n"
     ]
    }
   ],
   "source": [
    "import numpy as np\n",
    "import matplotlib.pyplot as plt\n",
    "import scipy.io as sio\n",
    "from scipy.integrate import odeint\n",
    "import pysindy as ps\n",
    "import matplotlib as mpl\n",
    "from mpl_toolkits.mplot3d import Axes3D\n",
    "from scipy.integrate import complex_ode\n",
    "a = np.loadtxt('./a.dat')\n",
    "print(a.shape)\n",
    "t = a[:, 0]\n",
    "r = 9\n",
    "dt = t[1] - t[0]\n",
    "if r == 3:\n",
    "    a_temp = a[:, 1:r]\n",
    "    a_temp = np.hstack((a_temp, a[:, 9].reshape(len(t), 1)))\n",
    "    a = a_temp\n",
    "else:\n",
    "    a = a[:, 1:r+1]\n",
    "a_max = max(a[:, :2].flatten())"
   ]
  },
  {
   "cell_type": "code",
   "execution_count": 2,
   "metadata": {},
   "outputs": [
    {
     "name": "stdout",
     "output_type": "stream",
     "text": [
      "[[[ 0.00000000e+00  0.00000000e+00  0.00000000e+00  0.00000000e+00\n",
      "    0.00000000e+00  0.00000000e+00  5.42101086e-20  0.00000000e+00\n",
      "    0.00000000e+00]\n",
      "  [ 0.00000000e+00  0.00000000e+00  0.00000000e+00  1.73472348e-18\n",
      "   -5.42101086e-20  2.03287907e-20  0.00000000e+00  0.00000000e+00\n",
      "   -2.38524478e-18]\n",
      "  [ 0.00000000e+00  0.00000000e+00  0.00000000e+00  0.00000000e+00\n",
      "   -1.73472348e-18 -6.93889390e-18  0.00000000e+00  0.00000000e+00\n",
      "    0.00000000e+00]\n",
      "  [ 0.00000000e+00 -8.67361738e-19  0.00000000e+00  0.00000000e+00\n",
      "    6.93889390e-18 -1.73472348e-18  0.00000000e+00  2.71050543e-20\n",
      "    1.86347248e-20]\n",
      "  [ 0.00000000e+00  0.00000000e+00 -3.46944695e-18  1.38777878e-17\n",
      "    0.00000000e+00  2.16840434e-19  0.00000000e+00  0.00000000e+00\n",
      "   -1.08420217e-19]\n",
      "  [ 0.00000000e+00  2.71050543e-20  0.00000000e+00 -3.46944695e-18\n",
      "    0.00000000e+00  0.00000000e+00 -3.46944695e-18  0.00000000e+00\n",
      "    0.00000000e+00]\n",
      "  [ 5.42101086e-20  0.00000000e+00  0.00000000e+00  0.00000000e+00\n",
      "    0.00000000e+00  0.00000000e+00  0.00000000e+00  0.00000000e+00\n",
      "   -3.38813179e-21]\n",
      "  [ 0.00000000e+00  0.00000000e+00  0.00000000e+00  2.71050543e-20\n",
      "    0.00000000e+00  0.00000000e+00  0.00000000e+00  0.00000000e+00\n",
      "    0.00000000e+00]\n",
      "  [ 0.00000000e+00  0.00000000e+00  6.77626358e-21  0.00000000e+00\n",
      "    0.00000000e+00  0.00000000e+00 -1.69406589e-21  0.00000000e+00\n",
      "    0.00000000e+00]]\n",
      "\n",
      " [[ 0.00000000e+00  0.00000000e+00  0.00000000e+00  1.73472348e-18\n",
      "   -5.42101086e-20  2.03287907e-20  0.00000000e+00  0.00000000e+00\n",
      "   -3.46944695e-18]\n",
      "  [ 0.00000000e+00  0.00000000e+00  0.00000000e+00  0.00000000e+00\n",
      "    0.00000000e+00  0.00000000e+00  0.00000000e+00  0.00000000e+00\n",
      "    0.00000000e+00]\n",
      "  [-8.67361738e-19  0.00000000e+00  0.00000000e+00  1.08420217e-19\n",
      "    6.93889390e-18  0.00000000e+00  0.00000000e+00  0.00000000e+00\n",
      "   -1.69406589e-20]\n",
      "  [-8.67361738e-19  0.00000000e+00  1.28749008e-19  0.00000000e+00\n",
      "   -1.73472348e-18  6.93889390e-18 -1.69406589e-21  1.35525272e-20\n",
      "   -1.79994501e-20]\n",
      "  [-2.71050543e-20  0.00000000e+00 -1.38777878e-17  0.00000000e+00\n",
      "    0.00000000e+00  8.13151629e-20  3.46944695e-18 -1.73472348e-18\n",
      "    0.00000000e+00]\n",
      "  [ 2.71050543e-20  0.00000000e+00  0.00000000e+00  0.00000000e+00\n",
      "    1.08420217e-19  0.00000000e+00  0.00000000e+00 -3.46944695e-18\n",
      "    0.00000000e+00]\n",
      "  [ 0.00000000e+00  0.00000000e+00  1.08420217e-19  0.00000000e+00\n",
      "    6.93889390e-18  0.00000000e+00  0.00000000e+00 -5.42101086e-20\n",
      "   -6.77626358e-21]\n",
      "  [ 0.00000000e+00  0.00000000e+00  0.00000000e+00  1.35525272e-20\n",
      "   -1.73472348e-18 -6.93889390e-18 -2.71050543e-20  0.00000000e+00\n",
      "    8.47032947e-21]\n",
      "  [ 0.00000000e+00  0.00000000e+00 -2.71050543e-20 -2.71050543e-20\n",
      "    0.00000000e+00  0.00000000e+00 -6.77626358e-21  1.35525272e-20\n",
      "    0.00000000e+00]]\n",
      "\n",
      " [[ 0.00000000e+00  0.00000000e+00  0.00000000e+00  0.00000000e+00\n",
      "   -1.73472348e-18 -6.93889390e-18  0.00000000e+00  0.00000000e+00\n",
      "    0.00000000e+00]\n",
      "  [-8.67361738e-19  0.00000000e+00  0.00000000e+00  1.08420217e-19\n",
      "    0.00000000e+00  0.00000000e+00  0.00000000e+00  0.00000000e+00\n",
      "   -1.69406589e-20]\n",
      "  [ 0.00000000e+00  0.00000000e+00  0.00000000e+00  5.42101086e-20\n",
      "    0.00000000e+00  0.00000000e+00  0.00000000e+00  0.00000000e+00\n",
      "    0.00000000e+00]\n",
      "  [ 0.00000000e+00  1.08420217e-19  5.42101086e-20  0.00000000e+00\n",
      "   -1.69406589e-20 -2.71050543e-20 -8.67361738e-19  0.00000000e+00\n",
      "   -2.19550940e-17]\n",
      "  [ 0.00000000e+00  0.00000000e+00  0.00000000e+00 -2.71050543e-20\n",
      "    0.00000000e+00  0.00000000e+00  0.00000000e+00  2.71050543e-20\n",
      "   -2.71050543e-20]\n",
      "  [-6.93889390e-18  0.00000000e+00  0.00000000e+00 -5.42101086e-20\n",
      "    0.00000000e+00  0.00000000e+00  0.00000000e+00 -1.35525272e-20\n",
      "   -1.91598853e-18]\n",
      "  [ 2.71050543e-20  5.42101086e-20  0.00000000e+00  0.00000000e+00\n",
      "    0.00000000e+00  0.00000000e+00  0.00000000e+00  0.00000000e+00\n",
      "    2.16840434e-19]\n",
      "  [-5.42101086e-20  4.57397792e-20  0.00000000e+00  0.00000000e+00\n",
      "    1.35525272e-20 -1.35525272e-20  0.00000000e+00  0.00000000e+00\n",
      "    0.00000000e+00]\n",
      "  [ 3.38813179e-21 -2.71050543e-20  0.00000000e+00 -2.77555756e-17\n",
      "    1.08420217e-19 -1.73472348e-18  1.62630326e-19  0.00000000e+00\n",
      "    0.00000000e+00]]\n",
      "\n",
      " [[ 0.00000000e+00  0.00000000e+00  0.00000000e+00  0.00000000e+00\n",
      "    6.93889390e-18 -1.73472348e-18  0.00000000e+00  2.71050543e-20\n",
      "    3.55753838e-20]\n",
      "  [ 0.00000000e+00  0.00000000e+00  1.28749008e-19  0.00000000e+00\n",
      "   -1.73472348e-18  6.93889390e-18 -1.69406589e-21  1.35525272e-20\n",
      "   -1.79994501e-20]\n",
      "  [ 0.00000000e+00  1.08420217e-19  5.42101086e-20  0.00000000e+00\n",
      "   -1.69406589e-20 -2.71050543e-20 -8.67361738e-19  0.00000000e+00\n",
      "   -2.19550940e-17]\n",
      "  [ 0.00000000e+00  0.00000000e+00  0.00000000e+00  0.00000000e+00\n",
      "    0.00000000e+00  0.00000000e+00  0.00000000e+00  0.00000000e+00\n",
      "    0.00000000e+00]\n",
      "  [ 6.93889390e-18  0.00000000e+00 -2.71050543e-20  0.00000000e+00\n",
      "    0.00000000e+00 -2.71050543e-20  0.00000000e+00 -9.31736242e-21\n",
      "    5.82758668e-19]\n",
      "  [-3.46944695e-18  6.93889390e-18 -2.71050543e-20  0.00000000e+00\n",
      "   -5.42101086e-20  0.00000000e+00 -4.06575815e-20 -6.77626358e-21\n",
      "    0.00000000e+00]\n",
      "  [ 0.00000000e+00  0.00000000e+00 -4.33680869e-19  0.00000000e+00\n",
      "    0.00000000e+00 -5.42101086e-20  0.00000000e+00  0.00000000e+00\n",
      "   -8.67361738e-19]\n",
      "  [ 2.03287907e-20  8.89384595e-21  0.00000000e+00  0.00000000e+00\n",
      "   -1.35525272e-20  0.00000000e+00  0.00000000e+00  0.00000000e+00\n",
      "    0.00000000e+00]\n",
      "  [ 0.00000000e+00 -2.71050543e-20 -2.77555756e-17  0.00000000e+00\n",
      "    8.67361738e-19  0.00000000e+00 -8.67361738e-19  0.00000000e+00\n",
      "    0.00000000e+00]]\n",
      "\n",
      " [[ 0.00000000e+00  0.00000000e+00 -3.46944695e-18  1.38777878e-17\n",
      "    0.00000000e+00  2.16840434e-19  0.00000000e+00  0.00000000e+00\n",
      "    0.00000000e+00]\n",
      "  [-2.71050543e-20  0.00000000e+00 -1.38777878e-17  0.00000000e+00\n",
      "    0.00000000e+00  8.13151629e-20  3.46944695e-18 -1.73472348e-18\n",
      "    0.00000000e+00]\n",
      "  [ 0.00000000e+00  6.93889390e-18  0.00000000e+00 -2.71050543e-20\n",
      "    0.00000000e+00  0.00000000e+00  0.00000000e+00  2.71050543e-20\n",
      "   -5.42101086e-20]\n",
      "  [ 6.93889390e-18  0.00000000e+00 -2.71050543e-20  0.00000000e+00\n",
      "    0.00000000e+00 -2.71050543e-20  0.00000000e+00 -9.31736242e-21\n",
      "    5.82758668e-19]\n",
      "  [ 0.00000000e+00  0.00000000e+00  0.00000000e+00  0.00000000e+00\n",
      "    0.00000000e+00  0.00000000e+00  0.00000000e+00  0.00000000e+00\n",
      "    0.00000000e+00]\n",
      "  [ 2.16840434e-19  1.08420217e-19  1.08420217e-19  0.00000000e+00\n",
      "    0.00000000e+00  0.00000000e+00  0.00000000e+00 -5.42101086e-20\n",
      "   -6.12980803e-17]\n",
      "  [-6.50521303e-19  3.46944695e-18  0.00000000e+00  0.00000000e+00\n",
      "    0.00000000e+00 -2.03287907e-20  0.00000000e+00 -2.71050543e-20\n",
      "    1.69406589e-21]\n",
      "  [ 0.00000000e+00 -1.78893358e-18  1.35525272e-20 -1.35525272e-20\n",
      "    0.00000000e+00 -2.71050543e-20 -2.71050543e-20  0.00000000e+00\n",
      "   -5.42101086e-20]\n",
      "  [-5.42101086e-20  0.00000000e+00  1.08420217e-19  8.67361738e-19\n",
      "    0.00000000e+00 -5.55111512e-17  1.13820052e-21  0.00000000e+00\n",
      "    0.00000000e+00]]\n",
      "\n",
      " [[ 0.00000000e+00  2.71050543e-20  0.00000000e+00 -3.46944695e-18\n",
      "    0.00000000e+00  0.00000000e+00 -3.46944695e-18  0.00000000e+00\n",
      "    0.00000000e+00]\n",
      "  [ 2.71050543e-20  0.00000000e+00  0.00000000e+00  0.00000000e+00\n",
      "    1.08420217e-19  0.00000000e+00  0.00000000e+00 -3.46944695e-18\n",
      "    0.00000000e+00]\n",
      "  [-6.93889390e-18  0.00000000e+00  0.00000000e+00 -5.42101086e-20\n",
      "    0.00000000e+00  0.00000000e+00  5.42101086e-20 -1.35525272e-20\n",
      "   -1.91598853e-18]\n",
      "  [-3.46944695e-18  6.93889390e-18 -2.71050543e-20  0.00000000e+00\n",
      "   -5.42101086e-20  0.00000000e+00 -4.06575815e-20 -1.35525272e-20\n",
      "   -3.64224167e-20]\n",
      "  [ 2.16840434e-19  1.08420217e-19  1.08420217e-19  0.00000000e+00\n",
      "    0.00000000e+00  0.00000000e+00  0.00000000e+00 -5.42101086e-20\n",
      "   -6.12980803e-17]\n",
      "  [ 0.00000000e+00  0.00000000e+00  0.00000000e+00  0.00000000e+00\n",
      "    0.00000000e+00  0.00000000e+00  0.00000000e+00  0.00000000e+00\n",
      "    0.00000000e+00]\n",
      "  [-1.73472348e-18  1.08420217e-19  0.00000000e+00 -5.42101086e-20\n",
      "    0.00000000e+00  0.00000000e+00  0.00000000e+00  0.00000000e+00\n",
      "    4.23516474e-19]\n",
      "  [-7.58941521e-19 -3.46944695e-18 -9.10560418e-21 -1.35525272e-20\n",
      "    0.00000000e+00  0.00000000e+00  0.00000000e+00  0.00000000e+00\n",
      "    0.00000000e+00]\n",
      "  [ 0.00000000e+00  0.00000000e+00 -1.73472348e-18  0.00000000e+00\n",
      "   -5.55111512e-17  0.00000000e+00  4.33680869e-19  0.00000000e+00\n",
      "    0.00000000e+00]]\n",
      "\n",
      " [[ 5.42101086e-20  0.00000000e+00  0.00000000e+00  0.00000000e+00\n",
      "    0.00000000e+00  0.00000000e+00  0.00000000e+00  0.00000000e+00\n",
      "   -3.38813179e-21]\n",
      "  [ 0.00000000e+00  0.00000000e+00  1.08420217e-19  0.00000000e+00\n",
      "    6.93889390e-18  0.00000000e+00  0.00000000e+00 -5.42101086e-20\n",
      "   -6.77626358e-21]\n",
      "  [ 2.71050543e-20  5.42101086e-20  0.00000000e+00  0.00000000e+00\n",
      "    0.00000000e+00  2.16840434e-19  0.00000000e+00  0.00000000e+00\n",
      "    2.16840434e-19]\n",
      "  [ 0.00000000e+00  0.00000000e+00 -4.33680869e-19  0.00000000e+00\n",
      "    0.00000000e+00 -5.42101086e-20  0.00000000e+00  0.00000000e+00\n",
      "   -8.67361738e-19]\n",
      "  [-6.50521303e-19  3.46944695e-18  0.00000000e+00  0.00000000e+00\n",
      "    0.00000000e+00 -2.03287907e-20  0.00000000e+00 -2.71050543e-20\n",
      "    1.69406589e-21]\n",
      "  [-1.73472348e-18  1.08420217e-19 -2.16840434e-19 -5.42101086e-20\n",
      "    0.00000000e+00  0.00000000e+00  0.00000000e+00  0.00000000e+00\n",
      "    4.23516474e-19]\n",
      "  [ 0.00000000e+00  0.00000000e+00  0.00000000e+00  0.00000000e+00\n",
      "    0.00000000e+00  0.00000000e+00  0.00000000e+00  0.00000000e+00\n",
      "    0.00000000e+00]\n",
      "  [ 1.08420217e-19 -2.71050543e-20  3.25260652e-19  0.00000000e+00\n",
      "   -1.77876919e-20  0.00000000e+00  0.00000000e+00  0.00000000e+00\n",
      "    7.22857917e-18]\n",
      "  [ 0.00000000e+00 -3.38813179e-21  2.16840434e-19  0.00000000e+00\n",
      "    1.69406589e-21  4.33680869e-19  0.00000000e+00  0.00000000e+00\n",
      "    0.00000000e+00]]\n",
      "\n",
      " [[ 0.00000000e+00  0.00000000e+00  0.00000000e+00  2.71050543e-20\n",
      "    0.00000000e+00  0.00000000e+00  0.00000000e+00  0.00000000e+00\n",
      "    0.00000000e+00]\n",
      "  [ 0.00000000e+00  0.00000000e+00  0.00000000e+00  1.35525272e-20\n",
      "   -1.73472348e-18 -6.93889390e-18 -2.71050543e-20  0.00000000e+00\n",
      "    8.47032947e-21]\n",
      "  [-5.42101086e-20  4.57397792e-20  0.00000000e+00  0.00000000e+00\n",
      "    1.35525272e-20 -1.35525272e-20  0.00000000e+00  0.00000000e+00\n",
      "    0.00000000e+00]\n",
      "  [ 2.03287907e-20  8.89384595e-21  0.00000000e+00  0.00000000e+00\n",
      "   -1.35525272e-20  0.00000000e+00  0.00000000e+00  0.00000000e+00\n",
      "    0.00000000e+00]\n",
      "  [ 0.00000000e+00 -1.78893358e-18  1.35525272e-20 -1.35525272e-20\n",
      "    0.00000000e+00 -2.71050543e-20 -2.71050543e-20  0.00000000e+00\n",
      "   -5.42101086e-20]\n",
      "  [-7.58941521e-19 -3.46944695e-18 -9.10560418e-21 -1.35525272e-20\n",
      "    0.00000000e+00  0.00000000e+00  0.00000000e+00  0.00000000e+00\n",
      "    0.00000000e+00]\n",
      "  [ 1.08420217e-19 -2.71050543e-20  3.25260652e-19  0.00000000e+00\n",
      "   -1.77876919e-20  0.00000000e+00  0.00000000e+00  0.00000000e+00\n",
      "    7.22857917e-18]\n",
      "  [ 0.00000000e+00  0.00000000e+00  0.00000000e+00  0.00000000e+00\n",
      "    0.00000000e+00  0.00000000e+00  0.00000000e+00  0.00000000e+00\n",
      "    0.00000000e+00]\n",
      "  [ 0.00000000e+00  1.35525272e-20  0.00000000e+00  0.00000000e+00\n",
      "    0.00000000e+00  0.00000000e+00  0.00000000e+00  0.00000000e+00\n",
      "    0.00000000e+00]]\n",
      "\n",
      " [[ 0.00000000e+00  0.00000000e+00  6.77626358e-21  5.42101086e-20\n",
      "    0.00000000e+00  0.00000000e+00 -1.69406589e-21  0.00000000e+00\n",
      "    0.00000000e+00]\n",
      "  [ 0.00000000e+00  0.00000000e+00 -2.71050543e-20 -2.71050543e-20\n",
      "    0.00000000e+00  0.00000000e+00 -6.77626358e-21  1.35525272e-20\n",
      "    0.00000000e+00]\n",
      "  [ 3.38813179e-21 -2.71050543e-20  0.00000000e+00 -2.77555756e-17\n",
      "    0.00000000e+00 -1.73472348e-18  1.62630326e-19  0.00000000e+00\n",
      "    0.00000000e+00]\n",
      "  [ 0.00000000e+00 -2.71050543e-20 -2.77555756e-17  0.00000000e+00\n",
      "    8.67361738e-19 -2.16840434e-19 -6.50521303e-19  0.00000000e+00\n",
      "    0.00000000e+00]\n",
      "  [-5.42101086e-20  0.00000000e+00  1.08420217e-19  8.67361738e-19\n",
      "    0.00000000e+00 -5.55111512e-17  1.13820052e-21  0.00000000e+00\n",
      "    0.00000000e+00]\n",
      "  [ 0.00000000e+00  0.00000000e+00 -1.73472348e-18  2.16840434e-19\n",
      "   -5.55111512e-17  0.00000000e+00  4.33680869e-19  0.00000000e+00\n",
      "    0.00000000e+00]\n",
      "  [ 0.00000000e+00 -3.38813179e-21  2.16840434e-19  0.00000000e+00\n",
      "    1.69406589e-21  4.33680869e-19  0.00000000e+00  0.00000000e+00\n",
      "    0.00000000e+00]\n",
      "  [ 0.00000000e+00  1.35525272e-20  0.00000000e+00  0.00000000e+00\n",
      "    0.00000000e+00  0.00000000e+00  0.00000000e+00  0.00000000e+00\n",
      "    0.00000000e+00]\n",
      "  [ 0.00000000e+00  0.00000000e+00  0.00000000e+00  0.00000000e+00\n",
      "    0.00000000e+00  0.00000000e+00  0.00000000e+00  0.00000000e+00\n",
      "    0.00000000e+00]]]\n",
      "[[[ 0.00000000e+00 -2.85354099e-05 -4.27647222e-03  7.08258250e-03\n",
      "   -1.61062684e-04 -2.18222316e-04  5.05758493e-05 -5.69383776e-05\n",
      "   -7.86937235e-03]\n",
      "  [-2.85354099e-05 -7.97942766e-05  5.02530209e-03  4.53929269e-03\n",
      "   -1.44263308e-04 -1.79243100e-04 -5.48119420e-04  1.16424618e-04\n",
      "   -3.90174488e-02]\n",
      "  [-4.27647222e-03  5.02530209e-03  1.27792066e-03  1.48835177e-03\n",
      "   -1.68028122e-02  4.25381053e-02 -1.15231748e-04  3.57727075e-04\n",
      "   -2.79277832e-05]\n",
      "  [ 7.08258250e-03  4.53929269e-03  1.48835177e-03 -3.86522216e-04\n",
      "   -4.20189145e-02 -1.68250765e-02 -2.65471519e-04 -4.68351634e-05\n",
      "    4.90263050e-04]\n",
      "  [-1.61062684e-04 -1.44263308e-04 -1.68028122e-02 -4.20189145e-02\n",
      "   -8.55596365e-04  1.76119784e-03  7.16824311e-04 -1.10740754e-02\n",
      "   -4.87786814e-04]\n",
      "  [-2.18222316e-04 -1.79243100e-04  4.25381053e-02 -1.68250765e-02\n",
      "    1.76119784e-03  4.72302693e-05 -1.14337342e-02 -7.08088669e-04\n",
      "   -8.58429314e-04]\n",
      "  [ 5.05758493e-05 -5.48119420e-04 -1.15231748e-04 -2.65471519e-04\n",
      "    7.16824311e-04 -1.14337342e-02  3.11931061e-04 -7.07216671e-04\n",
      "   -3.33731105e-05]\n",
      "  [-5.69383776e-05  1.16424618e-04  3.57727075e-04 -4.68351634e-05\n",
      "   -1.10740754e-02 -7.08088669e-04 -7.07216671e-04 -2.96098339e-05\n",
      "   -1.46060897e-04]\n",
      "  [-7.86937235e-03 -3.90174488e-02 -2.79277832e-05  4.90263050e-04\n",
      "   -4.87786814e-04 -8.58429314e-04 -3.33731105e-05 -1.46060897e-04\n",
      "   -5.75576318e-06]]\n",
      "\n",
      " [[ 5.70708198e-05  3.98971383e-05  1.06361577e-02  7.53285066e-03\n",
      "    4.97467773e-04  2.17163931e-04  2.11192118e-04 -1.90236325e-04\n",
      "    3.79643193e-02]\n",
      "  [ 3.98971383e-05  0.00000000e+00  7.42274969e-03 -9.35197742e-03\n",
      "    3.89003098e-04  3.14697763e-05  6.78209165e-05 -2.33013101e-04\n",
      "   -9.37611401e-03]\n",
      "  [ 1.06361577e-02  7.42274969e-03 -3.09446220e-03  8.12473053e-04\n",
      "    4.11997321e-02  1.77176673e-02 -2.17256345e-04 -1.24808484e-05\n",
      "   -1.90059193e-04]\n",
      "  [ 7.53285066e-03 -9.35197742e-03  8.12473053e-04 -7.91439328e-05\n",
      "   -1.76931837e-02  4.09031899e-02 -7.41823404e-05  2.14733834e-06\n",
      "   -2.04073348e-04]\n",
      "  [ 4.97467773e-04  3.89003098e-04  4.11997321e-02 -1.76931837e-02\n",
      "    3.04359888e-03  4.89024937e-04  1.06458788e-02 -2.94546247e-04\n",
      "    7.05194424e-04]\n",
      "  [ 2.17163931e-04  3.14697763e-05  1.77176673e-02  4.09031899e-02\n",
      "    4.89024937e-04 -7.55074218e-05 -3.67497117e-04 -1.07492682e-02\n",
      "    7.00387808e-04]\n",
      "  [ 2.11192118e-04  6.78209165e-05 -2.17256345e-04 -7.41823404e-05\n",
      "    1.06458788e-02 -3.67497117e-04 -9.77711005e-04 -1.67120595e-04\n",
      "   -2.31490228e-05]\n",
      "  [-1.90236325e-04 -2.33013101e-04 -1.24808484e-05  2.14733834e-06\n",
      "   -2.94546247e-04 -1.07492682e-02 -1.67120595e-04  7.93310509e-05\n",
      "    6.30156750e-05]\n",
      "  [ 3.79643193e-02 -9.37611401e-03 -1.90059193e-04 -2.04073348e-04\n",
      "    7.05194424e-04  7.00387808e-04 -2.31490228e-05  6.30156750e-05\n",
      "    2.76806417e-06]]\n",
      "\n",
      " [[ 8.55294444e-03 -1.56614598e-02 -6.38960329e-04  1.68092454e-03\n",
      "    3.09217964e-02 -8.83304278e-02 -2.47289435e-04 -1.81571426e-03\n",
      "   -5.53415390e-05]\n",
      "  [-1.56614598e-02 -1.48454994e-02  1.54723110e-03  5.81529377e-05\n",
      "   -8.88852939e-02 -3.28875280e-02  7.28509972e-04 -6.13607250e-04\n",
      "    1.65187799e-04]\n",
      "  [-6.38960329e-04  1.54723110e-03  0.00000000e+00 -2.41266978e-04\n",
      "   -1.48571685e-04  3.06696077e-04  4.07590392e-04  3.75017888e-03\n",
      "   -1.54862066e-02]\n",
      "  [ 1.68092454e-03  5.81529377e-05 -2.41266978e-04  7.27100908e-03\n",
      "    1.93999758e-04  1.00702979e-04  3.77609144e-03 -1.51986210e-03\n",
      "    1.26240946e-01]\n",
      "  [ 3.09217964e-02 -8.88852939e-02 -1.48571685e-04  1.93999758e-04\n",
      "    2.44742679e-03 -7.87657876e-04  2.97971916e-04  6.24292930e-05\n",
      "   -4.60831952e-04]\n",
      "  [-8.83304278e-02 -3.28875280e-02  3.06696077e-04  1.00702979e-04\n",
      "   -7.87657876e-04  1.60270083e-03  1.30395776e-03 -1.38491526e-06\n",
      "   -1.05717920e-02]\n",
      "  [-2.47289435e-04  7.28509972e-04  4.07590392e-04  3.77609144e-03\n",
      "    2.97971916e-04  1.30395776e-03  2.30304546e-03  1.69829890e-04\n",
      "   -1.74361173e-03]\n",
      "  [-1.81571426e-03 -6.13607250e-04  3.75017888e-03 -1.51986210e-03\n",
      "    6.24292930e-05 -1.38491526e-06  1.69829890e-04  2.27788716e-03\n",
      "    7.52773762e-03]\n",
      "  [-5.53415390e-05  1.65187799e-04 -1.54862066e-02  1.26240946e-01\n",
      "   -4.60831952e-04 -1.05717920e-02 -1.74361173e-03  7.52773762e-03\n",
      "   -1.26846835e-03]]\n",
      "\n",
      " [[-1.41651650e-02 -1.20721433e-02 -3.16927631e-03  1.93261108e-04\n",
      "    8.65749278e-02  3.03706765e-02  6.84984805e-04  2.24081209e-04\n",
      "   -4.77336674e-04]\n",
      "  [-1.20721433e-02  1.87039548e-02 -8.70625990e-04  3.95719664e-05\n",
      "    3.22326166e-02 -8.75294763e-02  5.92235513e-05  7.30402359e-05\n",
      "    2.04805804e-04]\n",
      "  [-3.16927631e-03 -8.70625990e-04  4.82533957e-04 -3.63550454e-03\n",
      "   -1.71787448e-04 -3.18513992e-04  3.99458287e-03  8.63257971e-04\n",
      "   -1.26704436e-01]\n",
      "  [ 1.93261108e-04  3.95719664e-05 -3.63550454e-03  0.00000000e+00\n",
      "   -1.45262593e-04  1.33557915e-05 -2.48719772e-04 -4.12467436e-03\n",
      "   -1.49691923e-02]\n",
      "  [ 8.65749278e-02  3.22326166e-02 -1.71787448e-04 -1.45262593e-04\n",
      "    1.57451430e-03  5.78262510e-04  1.33565771e-03  7.95885948e-05\n",
      "   -5.00804791e-03]\n",
      "  [ 3.03706765e-02 -8.75294763e-02 -3.18513992e-04  1.33557915e-05\n",
      "    5.78262510e-04  9.93895284e-04 -3.97428126e-04  1.10526620e-04\n",
      "    1.27789958e-03]\n",
      "  [ 6.84984805e-04  5.92235513e-05  3.99458287e-03 -2.48719772e-04\n",
      "    1.33565771e-03 -3.97428126e-04 -6.54644606e-05  8.75738895e-05\n",
      "    9.00505814e-03]\n",
      "  [ 2.24081209e-04  7.30402359e-05  8.63257971e-04 -4.12467436e-03\n",
      "    7.95885948e-05  1.10526620e-04  8.75738895e-05  2.00445453e-04\n",
      "    1.80590111e-03]\n",
      "  [-4.77336674e-04  2.04805804e-04 -1.26704436e-01 -1.49691923e-02\n",
      "   -5.00804791e-03  1.27789958e-03  9.00505814e-03  1.80590111e-03\n",
      "    2.88234438e-03]]\n",
      "\n",
      " [[ 3.22125368e-04 -3.53204465e-04 -1.41189841e-02 -4.45560133e-02\n",
      "    4.27798182e-04 -3.13110555e-03  1.16076306e-02  4.29982286e-02\n",
      "    1.08253336e-03]\n",
      "  [-3.53204465e-04 -7.78006196e-04  4.76855618e-02 -1.45394329e-02\n",
      "   -1.52179944e-03 -7.03116343e-04 -4.12558806e-02  1.48281925e-02\n",
      "    6.79897842e-04]\n",
      "  [-1.41189841e-02  4.76855618e-02  2.97143369e-04 -2.22123100e-05\n",
      "   -1.22371339e-03  2.76983960e-03 -3.50615408e-04  6.99578345e-05\n",
      "    6.32712079e-04]\n",
      "  [-4.45560133e-02 -1.45394329e-02 -2.22123100e-05  2.90525187e-04\n",
      "   -7.87257149e-04 -4.15312527e-04 -1.39835533e-03 -7.30119977e-05\n",
      "    4.91370804e-03]\n",
      "  [ 4.27798182e-04 -1.52179944e-03 -1.22371339e-03 -7.87257149e-04\n",
      "    0.00000000e+00  7.00086875e-05 -4.40638677e-04 -1.53313122e-04\n",
      "   -1.74436198e-02]\n",
      "  [-3.13110555e-03 -7.03116343e-04  2.76983960e-03 -4.15312527e-04\n",
      "    7.00086875e-05  6.46785812e-05 -6.51964724e-04  6.33096031e-04\n",
      "    2.84558148e-01]\n",
      "  [ 1.16076306e-02 -4.12558806e-02 -3.50615408e-04 -1.39835533e-03\n",
      "   -4.40638677e-04 -6.51964724e-04  1.21292471e-04 -6.02814654e-06\n",
      "    1.30032942e-05]\n",
      "  [ 4.29982286e-02  1.48281925e-02  6.99578345e-05 -7.30119977e-05\n",
      "   -1.53313122e-04  6.33096031e-04 -6.02814654e-06  6.99754170e-05\n",
      "    1.99728418e-03]\n",
      "  [ 1.08253336e-03  6.79897842e-04  6.32712079e-04  4.91370804e-03\n",
      "   -1.74436198e-02  2.84558148e-01  1.30032942e-05  1.99728418e-03\n",
      "   -5.95476001e-05]]\n",
      "\n",
      " [[ 4.36444632e-04 -3.79208309e-05  4.57923225e-02 -1.35456001e-02\n",
      "    1.36990770e-03 -2.36151346e-05  4.26615556e-02 -1.19680433e-02\n",
      "    1.80140395e-03]\n",
      "  [-3.79208309e-05 -6.29395527e-05  1.51698606e-02  4.66262864e-02\n",
      "    2.14091406e-04  3.77537109e-05  1.50846016e-02  4.15327578e-02\n",
      "   -1.50605217e-03]\n",
      "  [ 4.57923225e-02  1.51698606e-02 -6.13392153e-04  2.17811013e-04\n",
      "   -1.98218173e-03 -8.01350414e-04 -1.78061604e-03  8.90526740e-05\n",
      "    1.05609012e-02]\n",
      "  [-1.35456001e-02  4.66262864e-02  2.17811013e-04 -2.67115830e-05\n",
      "   -1.62949983e-04 -4.96947642e-04  3.14374527e-04 -1.41677589e-04\n",
      "   -1.28427442e-03]\n",
      "  [ 1.36990770e-03  2.14091406e-04 -1.98218173e-03 -1.62949983e-04\n",
      "   -1.40017375e-04 -3.23392906e-05  5.08027547e-05 -1.45449985e-04\n",
      "   -2.84469366e-01]\n",
      "  [-2.36151346e-05  3.77537109e-05 -8.01350414e-04 -4.96947642e-04\n",
      "   -3.23392906e-05  0.00000000e+00  9.92116357e-05  4.20041201e-04\n",
      "   -1.74423592e-02]\n",
      "  [ 4.26615556e-02  1.50846016e-02 -1.78061604e-03  3.14374527e-04\n",
      "    5.08027547e-05  9.92116357e-05 -6.96831143e-05  5.89853293e-05\n",
      "   -1.98014002e-03]\n",
      "  [-1.19680433e-02  4.15327578e-02  8.90526740e-05 -1.41677589e-04\n",
      "   -1.45449985e-04  4.20041201e-04  5.89853293e-05  7.11044923e-06\n",
      "    1.16098827e-05]\n",
      "  [ 1.80140395e-03 -1.50605217e-03  1.05609012e-02 -1.28427442e-03\n",
      "   -2.84469366e-01 -1.74423592e-02 -1.98014002e-03  1.16098827e-05\n",
      "   -2.58097648e-06]]\n",
      "\n",
      " [[-1.01151699e-04  3.36927301e-04  3.62521182e-04 -4.19513286e-04\n",
      "   -1.23244549e-02 -3.12278214e-02 -1.55965531e-04 -1.07627449e-03\n",
      "    1.46950401e-05]\n",
      "  [ 3.36927301e-04 -1.35641833e-04 -5.11253627e-04  1.49587891e-05\n",
      "    3.06100018e-02 -1.47171045e-02  4.88855503e-04 -2.12504566e-04\n",
      "    5.90471530e-05]\n",
      "  [ 3.62521182e-04 -5.11253627e-04 -8.15180784e-04 -7.77067431e-03\n",
      "    5.26434922e-05  4.76658289e-04 -1.15152273e-03  5.75530783e-03\n",
      "    2.59416992e-04]\n",
      "  [-4.19513286e-04  1.49587891e-05 -7.77067431e-03  4.97439543e-04\n",
      "    6.26976138e-05  8.30535991e-05  3.27322303e-05 -8.54479635e-04\n",
      "   -1.71780829e-03]\n",
      "  [-1.23244549e-02  3.06100018e-02  5.26434922e-05  6.26976138e-05\n",
      "    8.81277355e-04  6.01161970e-04 -6.06462356e-05  2.35886260e-04\n",
      "    1.06401636e-07]\n",
      "  [-3.12278214e-02 -1.47171045e-02  4.76658289e-04  8.30535991e-05\n",
      "    6.01161970e-04 -1.98423271e-04  3.48415571e-05 -3.41259430e-05\n",
      "    1.99602609e-03]\n",
      "  [-1.55965531e-04  4.88855503e-04 -1.15152273e-03  3.27322303e-05\n",
      "   -6.06462356e-05  3.48415571e-05  0.00000000e+00  7.40820869e-04\n",
      "   -1.66468745e-02]\n",
      "  [-1.07627449e-03 -2.12504566e-04  5.75530783e-03 -8.54479635e-04\n",
      "    2.35886260e-04 -3.41259430e-05  7.40820869e-04  7.22957623e-04\n",
      "   -2.40779792e-01]\n",
      "  [ 1.46950401e-05  5.90471530e-05  2.59416992e-04 -1.71780829e-03\n",
      "    1.06401636e-07  1.99602609e-03 -1.66468745e-02 -2.40779792e-01\n",
      "    3.57455227e-04]]\n",
      "\n",
      " [[ 1.13876755e-04  7.38117074e-05  1.45798718e-03 -1.77246046e-04\n",
      "   -3.19241532e-02  1.26761319e-02  1.78349116e-03  1.48049169e-05\n",
      "    1.91092066e-04]\n",
      "  [ 7.38117074e-05  4.66026201e-04  6.26088099e-04 -7.51875743e-05\n",
      "   -1.45336463e-02 -3.07834896e-02  3.79625162e-04 -3.96655255e-05\n",
      "   -7.27382400e-05]\n",
      "  [ 1.45798718e-03  6.26088099e-04 -7.50035777e-03  6.56604127e-04\n",
      "   -1.32387128e-04 -8.76677587e-05 -5.92513772e-03 -1.13894358e-03\n",
      "   -1.04162594e-04]\n",
      "  [-1.77246046e-04 -7.51875743e-05  6.56604127e-04  8.24934872e-03\n",
      "   -6.57659712e-06  3.11509692e-05  7.66905746e-04 -1.00222726e-04\n",
      "   -4.38718316e-04]\n",
      "  [-3.19241532e-02 -1.45336463e-02 -1.32387128e-04 -6.57659712e-06\n",
      "    3.06626243e-04 -4.87646046e-04 -2.29858113e-04 -3.49877085e-05\n",
      "   -1.73240377e-03]\n",
      "  [ 1.26761319e-02 -3.07834896e-02 -8.76677587e-05  3.11509692e-05\n",
      "   -4.87646046e-04 -8.40082402e-04 -2.48593863e-05 -3.55522461e-06\n",
      "   -2.90404286e-06]\n",
      "  [ 1.78349116e-03  3.79625162e-04 -5.92513772e-03  7.66905746e-04\n",
      "   -2.29858113e-04 -2.48593863e-05 -1.48164174e-03 -3.61478812e-04\n",
      "    2.40767594e-01]\n",
      "  [ 1.48049169e-05 -3.96655255e-05 -1.13894358e-03 -1.00222726e-04\n",
      "   -3.49877085e-05 -3.55522461e-06 -3.61478812e-04  0.00000000e+00\n",
      "   -1.66375235e-02]\n",
      "  [ 1.91092066e-04 -7.27382400e-05 -1.04162594e-04 -4.38718316e-04\n",
      "   -1.73240377e-03 -2.90404286e-06  2.40767594e-01 -1.66375235e-02\n",
      "    1.76055065e-04]]\n",
      "\n",
      " [[ 1.57387447e-02  1.05312951e-03  8.32693222e-05 -1.29263763e-05\n",
      "   -5.94746545e-04 -9.42974632e-04  1.86780704e-05 -4.50311689e-05\n",
      "    2.87788159e-06]\n",
      "  [ 1.05312951e-03  1.87522280e-02  2.48713945e-05 -7.32455702e-07\n",
      "   -1.38509227e-03  8.05664357e-04 -3.58981302e-05  9.72256496e-06\n",
      "   -1.38403209e-06]\n",
      "  [ 8.32693222e-05  2.48713945e-05  3.09724132e-02  4.63489946e-04\n",
      "   -1.71880127e-04  1.08908086e-05  1.48419474e-03 -7.42357503e-03\n",
      "    6.34234176e-04]\n",
      "  [-1.29263763e-05 -7.32455702e-07  4.63489946e-04  2.99383847e-02\n",
      "    9.43398737e-05  6.37484603e-06 -7.28724984e-03 -1.36718280e-03\n",
      "   -1.44117219e-03]\n",
      "  [-5.94746545e-04 -1.38509227e-03 -1.71880127e-04  9.43398737e-05\n",
      "    3.48872395e-02 -8.87823096e-05 -1.31096958e-05 -2.64880402e-04\n",
      "    2.97738000e-05]\n",
      "  [-9.42974632e-04  8.05664357e-04  1.08908086e-05  6.37484603e-06\n",
      "   -8.87823096e-05  3.48847185e-02 -1.58860707e-05 -8.70583986e-06\n",
      "    1.29048824e-06]\n",
      "  [ 1.86780704e-05 -3.58981302e-05  1.48419474e-03 -7.28724984e-03\n",
      "   -1.31096958e-05 -1.58860707e-05  3.32937489e-02  1.21970486e-05\n",
      "   -1.78727614e-04]\n",
      "  [-4.50311689e-05  9.72256496e-06 -7.42357503e-03 -1.36718280e-03\n",
      "   -2.64880402e-04 -8.70583986e-06  1.21970486e-05  3.32750469e-02\n",
      "   -8.80275326e-05]\n",
      "  [ 2.87788159e-06 -1.38403209e-06  6.34234176e-04 -1.44117219e-03\n",
      "    2.97738000e-05  1.29048824e-06 -1.78727614e-04 -8.80275326e-05\n",
      "    0.00000000e+00]]]\n"
     ]
    }
   ],
   "source": [
    "def pg_model(a, L, Q):\n",
    "    \"\"\"RHS of POD-Galerkin model, for time integration\"\"\"\n",
    "    return (L @ a) + np.einsum('ijk,j,k->i', Q, a, a)\n",
    "\n",
    "galerkin3 = sio.loadmat('models/galerkin3.mat')\n",
    "model3 = lambda a, t: pg_model(a, galerkin3['L'], galerkin3['Q'])\n",
    "\n",
    "galerkin9 = sio.loadmat('models/galerkin9.mat')\n",
    "gQ = 0.5 * (galerkin9['Q'] + np.transpose(galerkin9['Q'], [0, 2, 1]))\n",
    "galerkin9['Q'] = gQ - (gQ + np.transpose(gQ, [1, 0, 2]) + np.transpose(gQ, [2, 1, 0]) + np.transpose(gQ, [0, 2, 1]) + np.transpose(gQ, [2, 0, 1]) + np.transpose(gQ, [1, 2, 0])) / 6.0\n",
    "print(galerkin9['Q'] + np.transpose(galerkin9['Q'], [1, 0, 2]) + np.transpose(galerkin9['Q'], [2, 1, 0]))\n",
    "print(galerkin9['Q'])\n",
    "model9 = lambda a, t: pg_model(a, galerkin9['L'], galerkin9['Q'])\n",
    "\n",
    "# Simulate Galerkin models\n",
    "t_sim = np.arange(0, 500, dt)\n",
    "\n",
    "# Generate initial condition from unstable eigenvectors\n",
    "lamb, Phi = np.linalg.eig(galerkin9['L'])\n",
    "idx = np.argsort(-np.real(lamb))\n",
    "lamb, Phi = lamb[idx], Phi[:, idx]\n",
    "a0 = np.real( 1e-3*Phi[:, :2] @ np.random.random((2)) )\n",
    "\n",
    "a_galerkin3 = odeint(model3, a0[:3], t_sim)\n",
    "a_galerkin9 = odeint(model9, a0[:9], t_sim)"
   ]
  },
  {
   "cell_type": "code",
   "execution_count": 3,
   "metadata": {},
   "outputs": [],
   "source": [
    "## Setup hyperparameters and matrices\n",
    "Nr = int((r**2 + 3*r)/2.0)\n",
    "q = 0\n",
    "constraint_zeros = np.zeros((r + r*(r-1) + int(r*(r-1)*(r-2)/6.0)))\n",
    "constraint_matrix = np.zeros((r + r*(r-1) + int(r*(r-1)*(r-2)/6.0), r * Nr))\n",
    "\n",
    "# Set coefficients adorning terms like a_i^3 to zero\n",
    "for i in range(r):\n",
    "    constraint_matrix[q, r*(int((r**2+3*r)/2.0)-r) + i*(r+1)] = 1.0\n",
    "    q = q + 1\n",
    "\n",
    "# Set coefficients adorning terms like a_ia_j^2 to be antisymmetric\n",
    "for i in range(r):\n",
    "    for j in range(i+1, r):\n",
    "        constraint_matrix[q, r*(int((r**2+3*r)/2.0)-r+j)+i] = 1.0\n",
    "        constraint_matrix[q, r*(r+j-1)+j+r*int(i*(2*r-i-3)/2.0)] = 1.0\n",
    "        q = q + 1\n",
    "for i in range(r):\n",
    "     for j in range(0, i):\n",
    "        constraint_matrix[q, r*(int((r**2+3*r)/2.0)-r+j)+i] = 1.0\n",
    "        constraint_matrix[q, r*(r+i-1)+j+r*int(j*(2*r-j-3)/2.0)] = 1.0\n",
    "        q = q + 1\n",
    "\n",
    "# Set coefficients adorning terms like a_ia_ja_k to be antisymmetric\n",
    "for i in range(r):\n",
    "    for j in range(i+1, r):\n",
    "        for k in range(j+1, r):\n",
    "            constraint_matrix[q, r*(r+k-1)+i+r*int(j*(2*r-j-3)/2.0)] = 1.0\n",
    "            constraint_matrix[q, r*(r+k-1)+j+r*int(i*(2*r-i-3)/2.0)] = 1.0\n",
    "            constraint_matrix[q, r*(r+j-1)+k+r*int(i*(2*r-i-3)/2.0)] = 1.0\n",
    "            q = q + 1\n",
    "# delta_{il}delta_{jk}\n",
    "PL_tensor = np.zeros((r, r, r, Nr))\n",
    "for i in range(r):\n",
    "    for j in range(r):\n",
    "        for k in range(r):\n",
    "            for l in range(Nr):\n",
    "                if i == l and j == k:\n",
    "                    PL_tensor[i, j, k, l] = 1.0\n",
    "\n",
    "# Now symmetrize PL\n",
    "for i in range(r):\n",
    "    for j in range(Nr):\n",
    "        PL_tensor[:, :, i, j] = 0.5 * (PL_tensor[:, :, i, j] + PL_tensor[:, :, i, j].T)\n",
    "\n",
    "PQ_tensor= np.zeros((r, r, Nr))\n",
    "for i in range(r):\n",
    "    # Off diagonal terms\n",
    "    for j in range(i+1, r):\n",
    "        PQ_tensor[i, j, int((i+1)/2.0*(2*r-i)) + j - 1 - i] = 1.0\n",
    "\n",
    "    # diagonal terms\n",
    "    PQ_tensor[i, i, Nr - r + i] = 1.0\n",
    "\n",
    "# Now symmetrize PQ\n",
    "for j in range(Nr):\n",
    "    PQ_tensor[:, :, j] = 0.5 * (PQ_tensor[:, :, j] + PQ_tensor[:, :, j].T)\n",
    "    \n",
    "library_functions = [lambda x:x, lambda x, y:x*y, lambda x:x**2]  #, lambda ignored: 1]\n",
    "library_function_names = [lambda x:x, lambda x, y:x+y, lambda x:x+x]  #, lambda ignored: 1]\n",
    "sindy_library = ps.CustomLibrary(library_functions=library_functions,\n",
    "                                 function_names=library_function_names)"
   ]
  },
  {
   "cell_type": "code",
   "execution_count": 4,
   "metadata": {},
   "outputs": [
    {
     "name": "stdout",
     "output_type": "stream",
     "text": [
      "[[ 4.93419393e-02 -9.68392667e-01 -2.13323580e-03  5.84378874e-03\n",
      "   2.06707276e-02 -5.24958149e-03 -4.22042924e-04 -2.08803313e-03\n",
      "  -4.33119204e-05]\n",
      " [ 9.42838148e-01  3.82057363e-02 -4.62201338e-03 -2.09199761e-03\n",
      "   2.14748823e-02 -1.77991929e-02 -4.03097041e-04  9.75531245e-04\n",
      "   2.09917903e-05]\n",
      " [ 9.24439206e-04  4.44590461e-03 -1.67917558e-02  1.44024326e+00\n",
      "  -4.62026113e-03 -6.81444699e-02 -1.25810160e-02 -4.87334671e-02\n",
      "  -9.87159260e-03]\n",
      " [-5.70844886e-03  2.09538891e-03 -1.43385772e+00 -1.62385894e-02\n",
      "  -5.45455254e-02  8.07711248e-03 -3.58315319e-02  1.65776471e-02\n",
      "   1.51824911e-02]\n",
      " [-2.95338708e-03 -8.47503420e-03  7.98313090e-03  5.45801976e-02\n",
      "  -6.30381560e-02  1.81478847e+00  3.41568338e-04  1.72734042e-02\n",
      "  -4.41245069e-04]\n",
      " [-6.93725500e-04  7.58053514e-04  6.80050550e-02 -8.15743524e-03\n",
      "  -1.81070102e+00 -6.30283521e-02 -1.31617849e-02 -2.52153943e-05\n",
      "  -1.81655042e-05]\n",
      " [ 1.71720202e-04  6.93058447e-04  4.82417453e-03  1.89435657e-03\n",
      "   1.18106558e-03  1.32685862e-02 -2.00964910e-01 -2.77031560e+00\n",
      "   8.24357165e-04]\n",
      " [ 2.00081522e-03 -9.25259867e-04  2.25381723e-02 -7.43467288e-03\n",
      "  -1.83301889e-02  9.35798231e-05  2.76985960e+00 -2.00067396e-01\n",
      "   1.38761019e-03]\n",
      " [ 6.76530656e-05 -3.15017601e-05  1.66011835e-02 -6.92056839e-03\n",
      "   6.29479386e-04  1.02699135e-05  2.84052614e-03  4.86183533e-05\n",
      "  -4.40147541e-02]]\n",
      "[[ 4.93419393e-02 -9.68392667e-01 -2.13323580e-03  5.84378874e-03\n",
      "   2.06707276e-02 -5.24958149e-03 -4.22042924e-04 -2.08803313e-03\n",
      "  -4.33119204e-05]\n",
      " [ 9.42838148e-01  3.82057363e-02 -4.62201338e-03 -2.09199761e-03\n",
      "   2.14748823e-02 -1.77991929e-02 -4.03097041e-04  9.75531245e-04\n",
      "   2.09917903e-05]\n",
      " [ 9.24439206e-04  4.44590461e-03 -1.67917558e-02  1.44024326e+00\n",
      "  -4.62026113e-03 -6.81444699e-02 -1.25810160e-02 -4.87334671e-02\n",
      "  -9.87159260e-03]\n",
      " [-5.70844886e-03  2.09538891e-03 -1.43385772e+00 -1.62385894e-02\n",
      "  -5.45455254e-02  8.07711248e-03 -3.58315319e-02  1.65776471e-02\n",
      "   1.51824911e-02]\n",
      " [-2.95338708e-03 -8.47503420e-03  7.98313090e-03  5.45801976e-02\n",
      "  -6.30381560e-02  1.81478847e+00  3.41568338e-04  1.72734042e-02\n",
      "  -4.41245069e-04]\n",
      " [-6.93725500e-04  7.58053514e-04  6.80050550e-02 -8.15743524e-03\n",
      "  -1.81070102e+00 -6.30283521e-02 -1.31617849e-02 -2.52153943e-05\n",
      "  -1.81655042e-05]\n",
      " [ 1.71720202e-04  6.93058447e-04  4.82417453e-03  1.89435657e-03\n",
      "   1.18106558e-03  1.32685862e-02 -2.00964910e-01 -2.77031560e+00\n",
      "   8.24357165e-04]\n",
      " [ 2.00081522e-03 -9.25259867e-04  2.25381723e-02 -7.43467288e-03\n",
      "  -1.83301889e-02  9.35798231e-05  2.76985960e+00 -2.00067396e-01\n",
      "   1.38761019e-03]\n",
      " [ 6.76530656e-05 -3.15017601e-05  1.66011835e-02 -6.92056839e-03\n",
      "   6.29479386e-04  1.02699135e-05  2.84052614e-03  4.86183533e-05\n",
      "  -4.40147541e-02]]\n"
     ]
    }
   ],
   "source": [
    "# Put in initial guess that is the true solution\n",
    "initial_guess = np.zeros((r, Nr))\n",
    "gQ = 0.5 * (galerkin9['Q'] + np.transpose(galerkin9['Q'], [0, 2, 1]))\n",
    "PQ_inv = np.linalg.pinv(PQ_tensor.reshape(r * r, Nr)).reshape(Nr, r, r)\n",
    "#initial_guess[:, :] = np.tensordot(PQ_inv, gQ, axes=([1, 2], [0, 1])).T\n",
    "for i in range(r):\n",
    "    for j in range(i + 1, r):\n",
