{
 "cells": [
  {
   "cell_type": "code",
   "execution_count": 1,
   "metadata": {},
   "outputs": [],
   "source": [
    "import numpy as np\n",
    "from matplotlib import pyplot as plt\n",
    "from mpl_toolkits.mplot3d import Axes3D\n",
    "import pysindy as ps \n",
    "from scipy.integrate import solve_ivp\n",
    "import matplotlib.gridspec as gridspec\n",
    "import scipy.io as sio\n",
    "\n",
    "# ignore user warnings\n",
    "import warnings\n",
    "warnings.filterwarnings(\"ignore\")\n",
    "\n",
    "import sys\n",
    "sys.path.append('data/vonKarman_pod/')\n",
    "import neksuite as nek\n",
    "from scipy.interpolate import griddata"
   ]
  },
  {
   "cell_type": "code",
   "execution_count": 2,
   "metadata": {},
   "outputs": [],
   "source": [
    "# Define some setup and plotting functions\n",
    "# Build the energy-preserving quadratic nonlinearity constraints\n",
    "def make_constraints(r):\n",
    "    q = 0\n",
    "    N = int((r ** 2 + 3 * r) / 2.0)\n",
    "    p = r + r * (r - 1) + int(r * (r - 1) * (r - 2) / 6.0)\n",
    "    constraint_zeros = np.zeros(p)\n",
    "    constraint_matrix = np.zeros((p, r * N))    \n",
    "    \n",
    "    # Set coefficients adorning terms like a_i^3 to zero\n",
    "    for i in range(r):\n",
    "        constraint_matrix[q, r * (N - r) + i * (r + 1)] = 1.0\n",
    "        q = q + 1\n",
    "\n",
    "    # Set coefficients adorning terms like a_ia_j^2 to be antisymmetric\n",
    "    for i in range(r):\n",
    "        for j in range(i + 1, r):\n",
    "            constraint_matrix[q, r * (N - r + j) + i] = 1.0\n",
    "            constraint_matrix[q, r * (r + j - 1) + j + r * int(i * (2 * r - i - 3) / 2.0)] = 1.0\n",
    "            q = q + 1\n",
    "    for i in range(r):\n",
    "         for j in range(0, i):\n",
    "            constraint_matrix[q, r * (N - r + j) + i] = 1.0\n",
    "            constraint_matrix[q, r * (r + i - 1) + j + r * int(j * (2 * r - j - 3) / 2.0)] = 1.0\n",
    "            q = q + 1\n",
    "\n",
    "    # Set coefficients adorning terms like a_ia_ja_k to be antisymmetric\n",
    "    for i in range(r):\n",
    "        for j in range(i + 1, r):\n",
    "            for k in range(j + 1, r):\n",
    "                constraint_matrix[q, r * (r + k - 1) + i + r * int(j * (2 * r - j - 3) / 2.0)] = 1.0\n",
    "                constraint_matrix[q, r * (r + k - 1) + j + r * int(i * (2 * r - i - 3) / 2.0)] = 1.0\n",
    "                constraint_matrix[q, r * (r + j - 1) + k + r * int(i * (2 * r - i - 3) / 2.0)] = 1.0\n",
    "                q = q + 1\n",
    "                \n",
    "    return constraint_zeros, constraint_matrix\n",
    "    \n",
    "    \n",
    "# Use optimal m, and calculate eigenvalues(PW) to see if identified model is stable\n",
    "def check_stability(r, Xi, mod_matrix, sindy_opt, mean_val):\n",
    "    N = int((r ** 2 + 3 * r) / 2.0)\n",
    "    opt_m = sindy_opt.m_history_[-1]\n",
    "    PL_tensor_unsym = sindy_opt.PL_unsym_\n",
    "    PL_tensor = sindy_opt.PL_\n",
    "    PQ_tensor = sindy_opt.PQ_\n",
    "    mPQ = np.tensordot(opt_m, PQ_tensor, axes=([0], [0]))\n",
    "    P_tensor = PL_tensor - mPQ\n",
    "    As = np.tensordot(P_tensor, Xi, axes=([3, 2], [0, 1]))\n",
    "    As = mod_matrix @ As\n",
    "    eigvals, eigvecs = np.linalg.eigh(As)\n",
    "    print('optimal m: ', opt_m)\n",
    "    print('As eigvals: ', np.sort(eigvals))\n",
    "    max_eigval = np.sort(eigvals)[-1]\n",
    "    min_eigval = np.sort(eigvals)[0]\n",
    "    L = np.tensordot(PL_tensor_unsym, Xi, axes=([3, 2], [0, 1]))\n",
    "    Q = np.tensordot(PQ_tensor, Xi, axes=([4, 3], [0, 1]))\n",
    "    d = np.dot(L, opt_m) + np.dot(np.tensordot(Q, opt_m, axes=([2], [0])), opt_m)\n",
    "    d = mod_matrix @ d\n",
    "    Rm = np.linalg.norm(d) / np.abs(max_eigval)\n",
    "    Reff = Rm / mean_val\n",
    "    print('Estimate of trapping region size, Rm = ', Rm)\n",
    "    print('Normalized trapping region size, Reff = ', Reff)\n",
    "    \n",
    "\n",
    "# Plot the SINDy trajectory, trapping region, and ellipsoid where Kdot >= 0\n",
    "def trapping_region(r, x_test_pred, Xi, sindy_opt, filename):\n",
    "    \n",
    "    # Need to compute A^S from the optimal m obtained from SINDy algorithm\n",
    "    N = int((r ** 2 + 3 * r) / 2.0)\n",
    "    opt_m = sindy_opt.m_history_[-1]\n",
    "    PL_tensor_unsym = sindy_opt.PL_unsym_\n",
    "    PL_tensor = sindy_opt.PL_\n",
    "    PQ_tensor = sindy_opt.PQ_\n",
    "    mPQ = np.tensordot(opt_m, PQ_tensor, axes=([0], [0]))\n",
    "    P_tensor = PL_tensor - mPQ\n",
    "    As = np.tensordot(P_tensor, Xi, axes=([3, 2], [0, 1]))\n",
    "    eigvals, eigvecs = np.linalg.eigh(As)\n",
    "    print('optimal m: ', opt_m)\n",
    "    print('As eigvals: ', eigvals)\n",
    "\n",
    "    # Extract maximum and minimum eigenvalues, and compute radius of the trapping region\n",
    "    max_eigval = np.sort(eigvals)[-1]\n",
    "    min_eigval = np.sort(eigvals)[0]\n",
    "\n",
    "    # Should be using the unsymmetrized L\n",
    "    L = np.tensordot(PL_tensor_unsym, Xi, axes=([3, 2], [0, 1]))\n",
    "    Q = np.tensordot(PQ_tensor, Xi, axes=([4, 3], [0, 1]))\n",
    "    d = np.dot(L, opt_m) + np.dot(np.tensordot(Q, opt_m, axes=([2], [0])), opt_m)\n",
    "    Rm = np.linalg.norm(d) / np.abs(max_eigval)\n",
    "\n",
    "    # Make 3D plot illustrating the trapping region\n",
    "    fig, ax = plt.subplots(1, 1, subplot_kw={'projection': '3d'}, figsize=(8, 8))\n",
    "    Y = np.zeros(x_test_pred.shape)\n",
    "    Y = x_test_pred - opt_m * np.ones(x_test_pred.shape)\n",
    "        \n",
    "    Y = np.dot(eigvecs, Y.T).T\n",
    "    plt.plot(Y[:, 0], Y[:, 1], Y[:, -1], 'k', \n",
    "             label='SINDy model prediction with new initial condition', \n",
    "             alpha=1.0, linewidth=3)\n",
    "    h = np.dot(eigvecs, d)\n",
    "\n",
    "    alpha = np.zeros(r)\n",
    "    for i in range(r):\n",
    "        if filename == 'Von Karman' and (i == 2 or i == 3):\n",
    "            h[i] = 0\n",
    "        alpha[i] = np.sqrt(0.5) * np.sqrt(np.sum(h ** 2 / eigvals) / eigvals[i])\n",
    "\n",
    "    shift_orig = h / (4.0 * eigvals)\n",
    "\n",
    "    # draw sphere in eigencoordinate space, centered at 0\n",
    "    u, v = np.mgrid[0 : 2 * np.pi : 40j, 0 : np.pi : 20j]\n",
    "    x = Rm * np.cos(u) * np.sin(v)\n",
    "    y = Rm * np.sin(u) * np.sin(v)\n",
    "    z = Rm * np.cos(v)\n",
    "    \n",
    "    ax.plot_wireframe(x, y, z, color=\"b\",\n",
    "                      label=r'Trapping region estimate, $B(m, R_m)$', \n",
    "                      alpha=0.5, linewidth=0.5)\n",
    "    ax.plot_surface(x, y, z, color=\"b\", alpha=0.05)\n",
    "    ax.view_init(elev=0., azim=30)\n",
    "\n",
    "    # define ellipsoid\n",
    "    rx, ry, rz = np.asarray([alpha[0], alpha[1], alpha[-1]])\n",
    "\n",
    "    # Set of all spherical angles:\n",
    "    u = np.linspace(0, 2 * np.pi, 100)\n",
    "    v = np.linspace(0, np.pi, 100)\n",
    "\n",
    "    # Add this piece so we can compare with the analytic Lorenz ellipsoid,\n",
    "    # which is typically defined only with a shift in the \"y\" direction here.\n",
    "    if filename == 'Lorenz Attractor':\n",
    "        shift_orig[0] = 0\n",
    "        shift_orig[-1] = 0\n",
    "    x = rx * np.outer(np.cos(u), np.sin(v)) - shift_orig[0]\n",
    "    y = ry * np.outer(np.sin(u), np.sin(v)) - shift_orig[1]\n",
    "    z = rz * np.outer(np.ones_like(u), np.cos(v)) - shift_orig[-1]\n",
    "\n",
    "    # Plot ellipsoid\n",
    "    ax.plot_wireframe(x, y, z, rstride=5, cstride=5, color='r', \n",
    "                      label='Ellipsoid of positive energy growth', \n",
    "                      alpha=1.0, linewidth=0.5)\n",
    "    \n",
    "    if filename == 'Lorenz Attractor':\n",
    "        sigma = 10.0\n",
    "        rho = 28.0\n",
    "        beta = 8.0 / 3.0\n",
    "    \n",
    "        # define analytic ellipsoid in original Lorenz state space\n",
    "        rx, ry, rz = [np.sqrt(beta * rho), np.sqrt(beta * rho ** 2), rho]\n",
    "\n",
    "        # Set of all spherical angles:\n",
    "        u = np.linspace(0, 2 * np.pi, 100)\n",
    "        v = np.linspace(0, np.pi, 100)\n",
    "\n",
    "        # ellipsoid in (x, y, z) coordinate to -> shifted by m\n",
    "        x = rx * np.outer(np.cos(u), np.sin(v)) - opt_m[0]\n",
    "        y = ry * np.outer(np.sin(u), np.sin(v)) - opt_m[1]\n",
    "        z = rz * np.outer(np.ones_like(u), np.cos(v)) + rho - opt_m[-1]\n",
    "\n",
    "        # Transform into eigencoordinate space\n",
    "        xyz = np.tensordot(eigvecs, np.asarray([x, y, z]), axes=[1, 0])\n",
    "        x = xyz[0, :, :]\n",
    "        y = xyz[1, :, :]\n",
    "        z = xyz[2, :, :]\n",
    "\n",
    "        # Plot ellipsoid\n",
    "        ax.plot_wireframe(x, y, z, rstride=4, cstride=4, color='g', \n",
    "                          label=r'Lorenz analytic ellipsoid', \n",
    "                          alpha=1.0, linewidth=1.5)\n",
    "    \n",
    "    # Adjust plot features and save\n",
    "    plt.legend(fontsize=16, loc='upper left')\n",
    "    ax.set_xticklabels([])\n",
    "    ax.set_yticklabels([])\n",
    "    ax.set_zticklabels([])\n",
    "    ax.set_axis_off()\n",
    "    plt.show()\n",
    "\n",
    "\n",
    "# Plot errors between m_{k+1} and m_k and similarly for the model coefficients\n",
    "def make_progress_plots(r, sindy_opt):\n",
    "    W = np.asarray(sindy_opt.history_)\n",
    "    M = np.asarray(sindy_opt.m_history_)\n",
    "    dW = np.zeros(W.shape[0])\n",
    "    dM = np.zeros(M.shape[0])\n",
    "    for i in range(1,W.shape[0]):\n",
    "        dW[i] = np.sum((W[i, :, :] - W[i - 1, :, :]) ** 2)\n",
    "        dM[i] = np.sum((M[i, :] - M[i - 1, :]) ** 2)\n",
    "    plt.figure()\n",
    "    print(dW.shape, dM.shape)\n",
    "    plt.semilogy(dW, label=r'Coefficient progress, $\\|\\xi_{k+1} - \\xi_k\\|_2^2$')\n",
    "    plt.semilogy(dM, label=r'Vector m progress, $\\|m_{k+1} - m_k\\|_2^2$')\n",
    "    plt.xlabel('Algorithm iterations', fontsize=16)\n",
    "    plt.ylabel('Errors', fontsize=16)\n",
    "    plt.legend(fontsize=14)\n",
    "    PWeigs = np.asarray(sindy_opt.PWeigs_history_)\n",
    "    plt.figure()\n",
    "    for j in range(r):\n",
    "        if np.all(PWeigs[:, j] > 0.0):\n",
    "            plt.semilogy(PWeigs[:, j], \n",
    "                         label=r'diag($P\\xi)_{' + str(j) + str(j) + '}$')\n",
    "        else:\n",
    "            plt.plot(PWeigs[:, j], \n",
    "                     label=r'diag($P\\xi)_{' + str(j) + str(j) + '}$')\n",
    "        plt.xlabel('Algorithm iterations', fontsize=16)\n",
    "        plt.legend(fontsize=12)\n",
    "        plt.ylabel(r'Eigenvalues of $P\\xi$', fontsize=16)\n",
    "    \n",
    "\n",
    "# Plot first three modes in 3D for ground truth and SINDy prediction\n",
    "def make_3d_plots(x_test, x_test_pred, filename):\n",
    "    fig, ax = plt.subplots(1, 1, subplot_kw={'projection': '3d'}, figsize=(8, 8))\n",
    "    if filename == 'VonKarman':\n",
    "        ind = -1\n",
    "    else:\n",
    "        ind = 2\n",
    "    plt.plot(x_test[:, 0], x_test[:, 1], x_test[:, ind], \n",
    "             'r', label='true x')\n",
    "    plt.plot(x_test_pred[:, 0], x_test_pred[:, 1], x_test_pred[:, ind], \n",
    "             'k', label='pred x')\n",
    "    ax = plt.gca()\n",
    "    ax.set_xticklabels([])\n",
    "    ax.set_yticklabels([])\n",
    "    ax.set_zticklabels([])\n",
    "    ax.set_axis_off()\n",
    "    plt.legend(fontsize=14)\n",
    "    plt.show()\n",
    "\n",
    "\n",
    "# Plot the SINDy fits of X and Xdot against the ground truth\n",
    "def make_fits(r, t, xdot_test, xdot_test_pred, x_test, x_test_pred, filename):\n",
    "    fig = plt.figure(figsize=(16, 8))\n",
    "    spec = gridspec.GridSpec(ncols=2, nrows=r, figure=fig, hspace=0.0, wspace=0.0)\n",
    "    for i in range(r):\n",
    "        plt.subplot(spec[i, 0]) #r, 2, 2 * i + 2)\n",
    "        plt.plot(t, xdot_test[:, i], 'r', \n",
    "                 label=r'true $\\dot{x}_' + str(i) + '$')\n",
    "        plt.plot(t, xdot_test_pred[:, i], 'k--', \n",
    "                 label=r'pred $\\dot{x}_' + str(i) + '$')\n",
    "        ax = plt.gca()\n",
    "        ax.set_xticklabels([])\n",
    "        ax.set_yticklabels([])\n",
    "        plt.legend(fontsize=12)\n",
    "        if i == r - 1:\n",
    "            plt.xlabel('t', fontsize=18)\n",
    "        plt.subplot(spec[i, 1])\n",
    "        plt.plot(t, x_test[:, i], 'r', label=r'true $x_' + str(i) + '$')\n",
    "        plt.plot(t, x_test_pred[:, i], 'k--', label=r'pred $x_' + str(i) + '$')\n",
    "        ax = plt.gca()\n",
    "        ax.set_xticklabels([])\n",
    "        ax.set_yticklabels([])\n",
    "        plt.legend(fontsize=12)\n",
    "        if i == r - 1:\n",
    "            plt.xlabel('t', fontsize=18)\n",
    "        \n",
    "    plt.show()\n",
    "    \n",
    "\n",
    "# Make a bar plot of the distribution of SINDy coefficients\n",
    "# and distribution of Galerkin coefficients for the von Karman street\n",
    "def make_bar(galerkin9, L, Q, Lens, Qens):\n",
    "    bins = np.logspace(-11, 0, 50)\n",
    "    plt.figure(figsize=(8, 4))\n",
    "    plt.grid('True')\n",
    "    galerkin_full = np.vstack((galerkin9['L'].reshape(r ** 2, 1), \n",
    "                               galerkin9['Q'].reshape(len(galerkin9['Q'].flatten()), 1)))\n",
    "    plt.hist(np.abs(galerkin_full), bins=bins, label='POD-9 model')\n",
    "    sindy_full = np.vstack((L.reshape(r ** 2, 1), \n",
    "                            Q.reshape(len(galerkin9['Q'].flatten()), 1)))\n",
    "    plt.hist(np.abs(sindy_full.flatten()), bins=bins, color='k', \n",
    "             label='Trapping SINDy model (energy)')\n",
    "    sindy_full = np.vstack((Lens.reshape(r ** 2, 1), \n",
    "                            Qens.reshape(len(galerkin9['Q'].flatten()), 1)))\n",
    "    plt.hist(np.abs(sindy_full.flatten()), bins=bins, color='r', \n",
    "             label='Trapping SINDy model (enstrophy)')\n",
    "    plt.xscale('log')\n",
    "    plt.legend(fontsize=14)\n",
    "    ax = plt.gca()\n",
    "    ax.set_axisbelow(True)\n",
    "    ax.tick_params(axis='x', labelsize=18)\n",
    "    ax.tick_params(axis='y', labelsize=18)\n",
    "    ax.set_yticks([0, 10, 20, 30])\n",
    "    plt.xlabel('Coefficient values', fontsize=20)\n",
    "    plt.ylabel('Number of coefficients', fontsize=20)\n",
    "    plt.title('Histogram of coefficient values', fontsize=20)\n",
    "    \n",
    "    \n",
    "# Helper function for reading and plotting the von Karman data\n",
    "def get_velocity(file):\n",
    "    global nel, nGLL\n",
    "    field = nek.readnek(file)\n",
    "    u = np.array([field.elem[i].vel[0, 0, j, k]\n",
    "               for i in range(nel) for j in range(nGLL) for k in range(nGLL)])\n",
    "    v = np.array([field.elem[i].vel[1, 0, j, k]\n",
    "               for i in range(nel) for j in range(nGLL) for k in range(nGLL)])\n",
    "    return u, v\n",
    "\n",
    "\n",
    "# Helper function for reading and plotting the von Karman data\n",
    "def get_vorticity(file):\n",
    "    field = nek.readnek(file)\n",
    "    vort = np.array([field.elem[i].temp[0, 0, j, k]\n",
    "               for i in range(nel) for j in range(nGLL) for k in range(nGLL)])\n",
    "    return vort\n",
    "\n",
    "\n",
    "# Define von Karman grid\n",
    "nx = 400\n",
    "ny = 200\n",
    "xmesh = np.linspace(-5, 15, nx)\n",
    "ymesh = np.linspace(-5, 5, ny)\n",
    "XX, YY = np.meshgrid(xmesh, ymesh)\n",
    "\n",
    "\n",
    "# Helper function for plotting the von Karman data\n",
    "def interp(field, method='cubic', \n",
    "           mask=(np.sqrt(XX ** 2 + YY ** 2) < 0.5).flatten('C')):\n",
    "    global Cx, Cy, XX, YY\n",
    "    \"\"\"\n",
    "    field - 1D array of cell values\n",
    "    Cx, Cy - cell x-y values\n",
    "    X, Y - meshgrid x-y values\n",
    "    grid - if exists, should be an ngrid-dim logical that will be set to zer\n",
    "    \"\"\"\n",
    "    ngrid = len(XX.flatten())\n",
    "    grid_field = np.squeeze( np.reshape( griddata((Cx, Cy), field, (XX, YY), \n",
    "                                                  method=method), (ngrid, 1)) )\n",
    "    if mask is not None:\n",
    "        grid_field[mask] = 0\n",
    "    return grid_field\n",
    "\n",
    "\n",
    "# Helper function for plotting the von Karman data\n",
    "def plot_field(field, clim=[-5, 5], label=None):\n",
    "    \"\"\"Plot cylinder field with masked circle\"\"\"\n",
    "    im = plt.imshow(field, cmap='RdBu', vmin=clim[0], vmax=clim[1], \n",
    "                    origin='lower', extent=[-5, 15, -5, 5], \n",
    "                    interpolation='gaussian', label=label)\n",
    "    cyl = plt.Circle((0, 0), 0.5, edgecolor='k', facecolor='gray')\n",
    "    plt.gcf().gca().add_artist(cyl)\n",
    "    return im\n",
    "\n",
    "\n",
    "# Initialize quadratic SINDy library, with custom ordering \n",
    "# to be consistent with the constraint\n",
    "library_functions = [lambda x:x, lambda x, y:x * y, lambda x:x ** 2]\n",
    "library_function_names = [lambda x:x, lambda x, y:x + y, lambda x:x + x]\n",
    "sindy_library = ps.CustomLibrary(library_functions=library_functions, \n",
    "                                 function_names=library_function_names)\n",
    "\n",
    "# Initialize integrator keywords for solve_ivp to replicate the odeint defaults\n",
    "integrator_keywords = {}\n",
    "integrator_keywords['rtol'] = 1e-15\n",
    "integrator_keywords['method'] = 'LSODA'\n",
    "integrator_keywords['atol'] = 1e-10\n",
    "\n",
    "def galerkin_model(a, L, Q):\n",
    "    \"\"\"RHS of POD-Galerkin model, for time integration\"\"\"\n",
    "    return (L @ a) + np.einsum('ijk,j,k->i', Q, a, a)"
   ]
  },
  {
   "cell_type": "markdown",
   "metadata": {},
   "source": [
    "# Von Karman shedding behind circular cylinder, Re = 100\n",
    "In many cases, the wake behind a bluff body is characterized by a periodic vortex shedding phenomenon known as a von Karman street.\n",
    "The two-dimensional incompressible flow past a cylinder is a stereotypical example of such behavior.\n",
    "\n",
    "The transient energy growth and saturation amplitude of this instability mode is of particular interest and has historically posed a significant modeling challenge.\n",
    "Noack et al. (2003) used an 8-mode POD basis that was augmented with a ninth \"shift mode\" parameterizing a mean flow deformation. The 9-mode quadratic Galerkin model does resolve the transient dynamics, nonlinear stability mechanism, and post-transient oscillation, accurately reproducing all of the key physical features of the vortex street. Moreover, in Schlegel and Noack (2015) stability of the quadratic model was proven with $m_9 = m_\\text{shift} = \\epsilon$, $\\epsilon > 1$, and $m_i = 0$ for $i = \\{1,...,8\\}$. Note that POD-Galerkin models will generally weakly satisfy the effective nonlinearity criteria, although the addition of the shift-mode is a complication."
   ]
  },
  {
   "cell_type": "code",
   "execution_count": 3,
   "metadata": {},
   "outputs": [
    {
     "name": "stdout",
     "output_type": "stream",
     "text": [
      "[[[-1.68897379e-06 -2.70432159e-05 -4.42212176e-03  7.24388275e-03\n",
      "   -1.67617036e-04 -2.17768063e-04  1.60937494e-04 -1.17496689e-05\n",
      "   -7.93168134e-03]\n",
      "  [-2.70432159e-05 -7.88341891e-05  5.19469751e-03  4.60276761e-03\n",
      "   -1.38681209e-04 -1.78829726e-04 -5.59586870e-04  1.35972948e-04\n",
      "   -3.91174655e-02]\n",
      "  [-4.42212176e-03  5.19469751e-03  1.27893897e-03  1.49058061e-03\n",
      "   -1.67888400e-02  4.26284888e-02 -1.14668488e-04  3.58575529e-04\n",
      "   -2.96534818e-05]\n",
      "  [ 7.24388275e-03  4.60276761e-03  1.49058061e-03 -3.86764366e-04\n",
      "   -4.20878963e-02 -1.68005526e-02 -2.66844528e-04 -4.69256312e-05\n",
      "    4.90056118e-04]\n",
      "  [-1.67617036e-04 -1.38681209e-04 -1.67888400e-02 -4.20878963e-02\n",
      "   -8.53541129e-04  1.76439559e-03  6.82214903e-04 -1.10995802e-02\n",
      "   -4.48108520e-04]\n",
      "  [-2.17768063e-04 -1.78829726e-04  4.26284888e-02 -1.68005526e-02\n",
      "    1.76439559e-03  4.74416254e-05 -1.14491239e-02 -7.00907212e-04\n",
      "   -9.07567571e-04]\n",
      "  [ 1.60937494e-04 -5.59586870e-04 -1.14668488e-04 -2.66844528e-04\n",
      "    6.82214903e-04 -1.14491239e-02  3.11563118e-04 -7.07744174e-04\n",
      "   -3.24618967e-05]\n",
      "  [-1.17496689e-05  1.35972948e-04  3.58575529e-04 -4.69256312e-05\n",
      "   -1.10995802e-02 -7.00907212e-04 -7.07744174e-04 -2.96730931e-05\n",
      "   -1.46128489e-04]\n",
      "  [-7.93168134e-03 -3.91174655e-02 -2.96534818e-05  4.90056118e-04\n",
      "   -4.48108520e-04 -9.07567571e-04 -3.24618967e-05 -1.46128489e-04\n",
      "   -5.26726326e-06]]\n",
      "\n",
      " [[ 5.85630137e-05  4.08572258e-05  1.08055531e-02  7.59632558e-03\n",
      "    5.03049871e-04  2.17577306e-04  1.99724668e-04 -1.70687995e-04\n",
      "    3.78643026e-02]\n",
      "  [ 4.08572258e-05 -2.13193960e-06  7.81593405e-03 -9.54456631e-03\n",
      "    4.05294071e-04  3.11448751e-05 -5.26334107e-05 -2.57822576e-04\n",
      "   -9.32118298e-03]\n",
      "  [ 1.08055531e-02  7.81593405e-03 -3.08667085e-03  8.12293600e-04\n",
      "    4.10902124e-02  1.78808008e-02 -2.19025282e-04 -1.23592023e-05\n",
      "   -1.91317504e-04]\n",
      "  [ 7.59632558e-03 -9.54456631e-03  8.12293600e-04 -7.93522724e-05\n",
      "   -1.77199971e-02  4.08873086e-02 -7.53213479e-05  2.18395574e-06\n",
      "   -2.03789049e-04]\n",
      "  [ 5.03049871e-04  4.05294071e-04  4.10902124e-02 -1.77199971e-02\n",
      "    3.03561297e-03  4.95315606e-04  1.06586434e-02 -2.97511352e-04\n",
      "    7.60872200e-04]\n",
      "  [ 2.17577306e-04  3.11448751e-05  1.78808008e-02  4.08873086e-02\n",
      "    4.95315606e-04 -7.55510258e-05 -3.93071456e-04 -1.07568195e-02\n",
      "    6.56325778e-04]\n",
      "  [ 1.99724668e-04 -5.26334107e-05 -2.19025282e-04 -7.53213479e-05\n",
      "    1.06586434e-02 -3.93071456e-04 -9.77522689e-04 -1.67231828e-04\n",
      "   -2.17964019e-05]\n",
      "  [-1.70687995e-04 -2.57822576e-04 -1.23592023e-05  2.18395574e-06\n",
      "   -2.97511352e-04 -1.07568195e-02 -1.67231828e-04  7.93072238e-05\n",
      "    6.29208346e-05]\n",
      "  [ 3.78643026e-02 -9.32118298e-03 -1.91317504e-04 -2.03789049e-04\n",
      "    7.60872200e-04  6.56325778e-04 -2.17964019e-05  6.29208346e-05\n",
      "    2.56684047e-06]]\n",
      "\n",
      " [[ 8.40729491e-03 -1.54920644e-02 -6.37942014e-04  1.68315338e-03\n",
      "    3.09357686e-02 -8.82400444e-02 -2.46726175e-04 -1.81486581e-03\n",
      "   -5.70672376e-05]\n",
      "  [-1.54920644e-02 -1.44523150e-02  1.55502245e-03  5.79734851e-05\n",
      "   -8.89948136e-02 -3.27243945e-02  7.26741035e-04 -6.13485604e-04\n",
      "    1.63929487e-04]\n",
      "  [-6.37942014e-04  1.55502245e-03  1.36221475e-04 -1.72670587e-04\n",
      "   -1.45234436e-04  3.10290770e-04  4.16340333e-04  3.74245846e-03\n",
      "   -1.56041813e-02]\n",
      "  [ 1.68315338e-03  5.79734851e-05 -1.72670587e-04  7.32713560e-03\n",
      "    1.95471394e-04  1.00857558e-04  3.75460566e-03 -1.51633319e-03\n",
      "    1.26153686e-01]\n",
      "  [ 3.09357686e-02 -8.89948136e-02 -1.45234436e-04  1.95471394e-04\n",
      "    2.45935758e-03 -8.39593430e-04  2.98581024e-04  6.17961801e-05\n",
      "   -4.63995088e-04]\n",
      "  [-8.82400444e-02 -3.27243945e-02  3.10290770e-04  1.00857558e-04\n",
      "   -8.39593430e-04  1.66953674e-03  1.30318419e-03 -1.31986752e-06\n",
      "   -1.05726691e-02]\n",
      "  [-2.46726175e-04  7.26741035e-04  4.16340333e-04  3.75460566e-03\n",
      "    2.98581024e-04  1.30318419e-03  2.28460797e-03  1.65222499e-04\n",
      "   -1.72812084e-03]\n",
      "  [-1.81486581e-03 -6.13485604e-04  3.74245846e-03 -1.51633319e-03\n",
      "    6.17961801e-05 -1.31986752e-06  1.65222499e-04  2.27537344e-03\n",
      "    7.52299999e-03]\n",
      "  [-5.70672376e-05  1.63929487e-04 -1.56041813e-02  1.26153686e-01\n",
      "   -4.63995088e-04 -1.05726691e-02 -1.72812084e-03  7.52299999e-03\n",
      "   -1.13653729e-03]]\n",
      "\n",
      " [[-1.40038647e-02 -1.20086684e-02 -3.16704748e-03  1.93018958e-04\n",
      "    8.65059460e-02  3.03952004e-02  6.83611795e-04  2.23990742e-04\n",
      "   -4.77543605e-04]\n",
      "  [-1.20086684e-02  1.85113660e-02 -8.70805443e-04  3.93636268e-05\n",
      "    3.22058031e-02 -8.75453575e-02  5.80845438e-05  7.30768533e-05\n",
      "    2.05090103e-04]\n",
      "  [-3.16704748e-03 -8.70805443e-04  5.51130349e-04 -3.57937802e-03\n",
      "   -1.70315812e-04 -3.18359412e-04  3.97309710e-03  8.66786881e-04\n",
      "   -1.26791696e-01]\n",
      "  [ 1.93018958e-04  3.93636268e-05 -3.57937802e-03 -1.01647582e-05\n",
      "   -1.42855470e-04  1.32775901e-05 -2.64409343e-04 -4.10114533e-03\n",
      "   -1.49624659e-02]\n",
      "  [ 8.65059460e-02  3.22058031e-02 -1.70315812e-04 -1.42855470e-04\n",
      "    1.60746289e-03  5.63415128e-04  1.33558220e-03  7.96314145e-05\n",
      "   -5.01151042e-03]\n",
      "  [ 3.03952004e-02 -8.75453575e-02 -3.18359412e-04  1.32775901e-05\n",
      "    5.63415128e-04  9.97646230e-04 -3.97871153e-04  1.10505126e-04\n",
      "    1.27797805e-03]\n",
      "  [ 6.83611795e-04  5.80845438e-05  3.97309710e-03 -2.64409343e-04\n",
      "    1.33558220e-03 -3.97871153e-04 -6.50338502e-05  9.27945031e-05\n",
      "    9.03408890e-03]\n",
      "  [ 2.23990742e-04  7.30768533e-05  8.66786881e-04 -4.10114533e-03\n",
      "    7.96314145e-05  1.10505126e-04  9.27945031e-05  2.09438689e-04\n",
      "    1.79284823e-03]\n",
      "  [-4.77543605e-04  2.05090103e-04 -1.26791696e-01 -1.49624659e-02\n",
      "   -5.01151042e-03  1.27797805e-03  9.03408890e-03  1.79284823e-03\n",
      "    2.90271925e-03]]\n",
      "\n",
      " [[ 3.15571015e-04 -3.47622366e-04 -1.41050119e-02 -4.46249951e-02\n",
      "    4.29853418e-04 -3.12790780e-03  1.15730212e-02  4.29727238e-02\n",
      "    1.12221165e-03]\n",
      "  [-3.47622366e-04 -7.61715223e-04  4.75760421e-02 -1.45662464e-02\n",
      "   -1.52978535e-03 -6.96825674e-04 -4.12431160e-02  1.48252274e-02\n",
      "    7.35575618e-04]\n",
      "  [-1.41050119e-02  4.75760421e-02  3.00480618e-04 -2.07406743e-05\n",
      "   -1.21178260e-03  2.71790405e-03 -3.50006300e-04  6.93247216e-05\n",
      "    6.29548943e-04]\n",
      "  [-4.46249951e-02 -1.45662464e-02 -2.07406743e-05  2.92932310e-04\n",
      "   -7.54308555e-04 -4.30159909e-04 -1.39843084e-03 -7.29691780e-05\n",
      "    4.91024553e-03]\n",
      "  [ 4.29853418e-04 -1.52978535e-03 -1.21178260e-03 -7.54308555e-04\n",
      "    7.10649925e-07  6.61929329e-05 -4.30479166e-04 -1.42256657e-04\n",
      "   -1.74698118e-02]\n",
      "  [-3.12790780e-03 -6.96825674e-04  2.71790405e-03 -4.30159909e-04\n",
      "    6.61929329e-05  6.71882753e-05 -6.44172036e-04  6.31260374e-04\n",
      "    2.84588616e-01]\n",
      "  [ 1.15730212e-02 -4.12431160e-02 -3.50006300e-04 -1.39843084e-03\n",
      "   -4.30479166e-04 -6.44172036e-04  1.20638237e-04 -5.99832636e-06\n",
      "    1.28706238e-05]\n",
      "  [ 4.29727238e-02  1.48252274e-02  6.93247216e-05 -7.29691780e-05\n",
      "   -1.42256657e-04  6.31260374e-04 -5.99832636e-06  6.98531280e-05\n",
      "    1.99719035e-03]\n",
      "  [ 1.12221165e-03  7.35575618e-04  6.29548943e-04  4.91024553e-03\n",
      "   -1.74698118e-02  2.84588616e-01  1.28706238e-05  1.99719035e-03\n",
      "   -5.46126258e-05]]\n",
      "\n",
      " [[ 4.36898884e-04 -3.75074563e-05  4.58827060e-02 -1.35210762e-02\n",
      "    1.37310544e-03 -2.34037786e-05  4.26461658e-02 -1.19608618e-02\n",
      "    1.75226569e-03]\n",
      "  [-3.75074563e-05 -6.32644540e-05  1.53329941e-02  4.66104052e-02\n",
      "    2.20382076e-04  3.77101069e-05  1.50590272e-02  4.15252065e-02\n",
      "   -1.55011419e-03]\n",
      "  [ 4.58827060e-02  1.53329941e-02 -6.09797460e-04  2.17965593e-04\n",
      "   -2.03411728e-03 -7.34514501e-04 -1.78138961e-03  8.91177217e-05\n",
      "    1.05600241e-02]\n",
      "  [-1.35210762e-02  4.66104052e-02  2.17965593e-04 -2.67897845e-05\n",
      "   -1.77797365e-04 -4.93196696e-04  3.13931500e-04 -1.41699083e-04\n",
      "   -1.28419595e-03]\n",
      "  [ 1.37310544e-03  2.20382076e-04 -2.03411728e-03 -1.77797365e-04\n",
      "   -1.43833130e-04 -2.98295965e-05  5.85954432e-05 -1.47285642e-04\n",
      "   -2.84438898e-01]\n",
      "  [-2.34037786e-05  3.77101069e-05 -7.34514501e-04 -4.93196696e-04\n",
      "   -2.98295965e-05  1.15030919e-08  8.91964809e-05  4.14914172e-04\n",
      "   -1.74706273e-02]\n",
      "  [ 4.26461658e-02  1.50590272e-02 -1.78138961e-03  3.13931500e-04\n",
      "    5.85954432e-05  8.91964809e-05 -6.96159078e-05  5.88808631e-05\n",
      "   -1.97957188e-03]\n",
      "  [-1.19608618e-02  4.15252065e-02  8.91177217e-05 -1.41699083e-04\n",
      "   -1.47285642e-04  4.14914172e-04  5.88808631e-05  7.09313260e-06\n",
      "    1.15900170e-05]\n",
      "  [ 1.75226569e-03 -1.55011419e-03  1.05600241e-02 -1.28419595e-03\n",
      "   -2.84438898e-01 -1.74706273e-02 -1.97957188e-03  1.15900170e-05\n",
      "   -2.58383620e-06]]\n",
      "\n",
      " [[ 9.20994583e-06  3.25459851e-04  3.63084442e-04 -4.20886296e-04\n",
      "   -1.23590643e-02 -3.12432112e-02 -1.56333474e-04 -1.07680199e-03\n",
      "    1.56062539e-05]\n",
      "  [ 3.25459851e-04 -2.56096160e-04 -5.13022564e-04  1.38197816e-05\n",
      "    3.06227663e-02 -1.47426788e-02  4.89043819e-04 -2.12615799e-04\n",
      "    6.03997738e-05]\n",
      "  [ 3.63084442e-04 -5.13022564e-04 -8.06430844e-04 -7.79216008e-03\n",
      "    5.32526000e-05  4.75884724e-04 -1.16996022e-03  5.75070044e-03\n",
      "    2.74907883e-04]\n",
      "  [-4.20886296e-04  1.38197816e-05 -7.79216008e-03  4.81749972e-04\n",
      "    6.26221016e-05  8.26105721e-05  3.31628407e-05 -8.49259022e-04\n",
      "   -1.68877753e-03]\n",
      "  [-1.23590643e-02  3.06227663e-02  5.32526000e-05  6.26221016e-05\n",
      "    8.91436866e-04  6.08954658e-04 -6.13004698e-05  2.35916080e-04\n",
      "   -2.62687491e-08]\n",
      "  [-3.12432112e-02 -1.47426788e-02  4.75884724e-04  8.26105721e-05\n",
      "    6.08954658e-04 -2.08438426e-04  3.49087637e-05 -3.42304092e-05\n",
      "    1.99659424e-03]\n",
      "  [-1.56333474e-04  4.89043819e-04 -1.16996022e-03  3.31628407e-05\n",
      "   -6.13004698e-05  3.49087637e-05  4.99324504e-06  7.43630454e-04\n",
      "   -1.66373135e-02]\n",
      "  [-1.07680199e-03 -2.12615799e-04  5.75070044e-03 -8.49259022e-04\n",
      "    2.35916080e-04 -3.42304092e-05  7.43630454e-04  7.26036557e-04\n",
      "   -2.40778874e-01]\n",
      "  [ 1.56062539e-05  6.03997738e-05  2.74907883e-04 -1.68877753e-03\n",
      "   -2.62687491e-08  1.99659424e-03 -1.66373135e-02 -2.40778874e-01\n",
      "    3.21417446e-04]]\n",
      "\n",
      " [[ 1.59065464e-04  9.33600377e-05  1.45883564e-03 -1.77336514e-04\n",
      "   -3.19496579e-02  1.26833134e-02  1.78296366e-03  1.47416577e-05\n",
      "    1.91024474e-04]\n",
      "  [ 9.33600377e-05  4.41216726e-04  6.26209745e-04 -7.51509569e-05\n",
      "   -1.45366114e-02 -3.07910409e-02  3.79513929e-04 -3.96893526e-05\n",
      "   -7.28330804e-05]\n",
      "  [ 1.45883564e-03  6.26209745e-04 -7.50807819e-03  6.60133037e-04\n",
      "   -1.33020241e-04 -8.76027110e-05 -5.92974512e-03 -1.14145730e-03\n",
      "   -1.08900224e-04]\n",
      "  [-1.77336514e-04 -7.51509569e-05  6.60133037e-04  8.27287774e-03\n",
      "   -6.53377744e-06  3.11294755e-05  7.72126359e-04 -9.12294903e-05\n",
      "   -4.51771205e-04]\n",
      "  [-3.19496579e-02 -1.45366114e-02 -1.33020241e-04 -6.53377744e-06\n",
      "    3.17682707e-04 -4.89481703e-04 -2.29828293e-04 -3.51099975e-05\n",
      "   -1.73249760e-03]\n",
      "  [ 1.26833134e-02 -3.07910409e-02 -8.76027110e-05  3.11294755e-05\n",
      "   -4.89481703e-04 -8.45209431e-04 -2.49638525e-05 -3.57254125e-06\n",
      "   -2.92390852e-06]\n",
      "  [ 1.78296366e-03  3.79513929e-04 -5.92974512e-03  7.72126359e-04\n",
      "   -2.29828293e-04 -2.49638525e-05 -1.47883215e-03 -3.58399878e-04\n",
      "    2.40768512e-01]\n",
      "  [ 1.47416577e-05 -3.96893526e-05 -1.14145730e-03 -9.12294903e-05\n",
      "   -3.51099975e-05 -3.57254125e-06 -3.58399878e-04  3.86037217e-06\n",
      "   -1.66393612e-02]\n",
      "  [ 1.91024474e-04 -7.28330804e-05 -1.08900224e-04 -4.51771205e-04\n",
      "   -1.73249760e-03 -2.92390852e-06  2.40768512e-01 -1.66393612e-02\n",
      "    1.86189743e-04]]\n",
      "\n",
      " [[ 1.56764357e-02  9.53112835e-04  8.15436236e-05 -1.31333080e-05\n",
      "   -5.55068251e-04 -9.92112889e-04  1.95892842e-05 -4.50987609e-05\n",
      "    3.36638151e-06]\n",
      "  [ 9.53112835e-04  1.88071590e-02  2.36130833e-05 -4.48156831e-07\n",
      "   -1.32941449e-03  7.61602327e-04 -3.45455093e-05  9.62772449e-06\n",
      "   -1.58525579e-06]\n",
      "  [ 8.15436236e-05  2.36130833e-05  3.08544384e-02  3.76229859e-04\n",
      "   -1.75043263e-04  1.00137358e-05  1.49968563e-03 -7.42831266e-03\n",
      "    7.66165241e-04]\n",
      "  [-1.31333080e-05 -4.48156831e-07  3.76229859e-04  2.99451111e-02\n",
      "    9.08773696e-05  6.45332021e-06 -7.25821908e-03 -1.38023569e-03\n",
      "   -1.42079732e-03]\n",
      "  [-5.55068251e-04 -1.32941449e-03 -1.75043263e-04  9.08773696e-05\n",
      "    3.48610476e-02 -5.83149373e-05 -1.32423662e-05 -2.64974228e-04\n",
      "    3.47087743e-05]\n",
      "  [-9.92112889e-04  7.61602327e-04  1.00137358e-05  6.45332021e-06\n",
      "   -5.83149373e-05  3.48564504e-02 -1.53179241e-05 -8.72570552e-06\n",
      "    1.28762851e-06]\n",
      "  [ 1.95892842e-05 -3.45455093e-05  1.49968563e-03 -7.25821908e-03\n",
      "   -1.32423662e-05 -1.53179241e-05  3.33033100e-02  1.31142634e-05\n",
      "   -2.14765395e-04]\n",
      "  [-4.50987609e-05  9.62772449e-06 -7.42831266e-03 -1.38023569e-03\n",
      "   -2.64974228e-04 -8.72570552e-06  1.31142634e-05  3.32732091e-02\n",
      "   -7.78928545e-05]\n",
      "  [ 3.36638151e-06 -1.58525579e-06  7.66165241e-04 -1.42079732e-03\n",
      "    3.47087743e-05  1.28762851e-06 -2.14765395e-04 -7.78928545e-05\n",
      "   -6.77390181e-05]]]\n"
     ]
    },
    {
     "data": {
